649	550	649	600
648	550	648	600
647	550	647	600
646	550	646	600
645	550	645	600
644	550	644	600
643	550	643	600
642	550	642	600
641	550	641	600
640	550	640	600
639	550	639	600
638	550	638	600
637	550	637	600
636	550	636	600
635	550	635	600
634	550	634	600
633	550	633	600
632	550	632	600
631	550	631	600
630	550	630	600
629	550	629	600
628	550	628	600
627	550	627	600
626	550	626	600
625	550	625	600
624	550	624	600
623	550	623	600
622	550	622	600
621	550	621	600
620	550	620	600
619	550	619	600
618	550	618	600
617	550	617	600
616	550	616	600
615	550	615	600
614	550	614	600
613	550	613	600
612	550	612	600
611	550	611	600
610	550	610	600
609	550	609	600
608	550	608	600
607	550	607	600
606	550	606	600
605	550	605	600
604	550	604	600
603	550	603	600
602	550	602	600
601	550	601	600
600	550	600	600
599	550	599	600
598	550	598	600
597	550	597	600
596	550	596	600
595	550	595	600
594	550	594	600
593	550	593	600
592	550	592	600
591	550	591	600
590	550	590	600
589	550	589	600
588	550	588	600
587	550	587	600
586	550	586	600
585	550	585	600
584	550	584	600
583	550	583	600
582	550	582	600
581	550	581	600
580	550	580	600
579	550	579	600
578	550	578	600
577	550	577	600
576	550	576	600
575	550	575	600
574	550	574	600
573	550	573	600
572	550	572	600
571	550	571	600
570	550	570	600
569	550	569	600
568	550	568	600
567	550	567	600
566	550	566	600
565	550	565	600
564	550	564	600
563	550	563	600
562	550	562	600
561	550	561	600
560	550	560	600
559	550	559	600
558	550	558	600
557	550	557	600
556	550	556	600
555	550	555	600
554	550	554	600
553	550	553	600
552	550	552	600
551	550	551	600
550	550	550	600
549	550	549	600
548	550	548	600
547	550	547	600
546	550	546	600
545	550	545	600
544	550	544	600
543	550	543	600
542	550	542	600
541	550	541	600
540	550	540	600
539	550	539	600
538	550	538	600
537	550	537	600
536	550	536	600
535	550	535	600
534	550	534	600
533	550	533	600
532	550	532	600
531	550	531	600
530	550	530	600
529	550	529	600
528	550	528	600
527	550	527	600
526	550	526	600
525	550	525	600
524	550	524	600
523	550	523	600
522	550	522	600
521	550	521	600
520	550	520	600
519	550	519	600
518	550	518	600
517	550	517	600
516	550	516	600
515	550	515	600
514	550	514	600
513	550	513	600
512	550	512	600
511	550	511	600
510	550	510	600
509	550	509	600
508	550	508	600
507	550	507	600
506	550	506	600
505	550	505	600
504	550	504	600
503	550	503	600
502	550	502	600
501	550	501	600
500	550	500	600
499	550	499	600
498	550	498	600
497	550	497	600
496	550	496	600
495	550	495	600
494	550	494	600
493	550	493	600
492	550	492	600
491	550	491	600
490	550	490	600
489	550	489	600
488	550	488	600
487	550	487	600
486	550	486	600
485	550	485	600
484	550	484	600
483	550	483	600
482	550	482	600
481	550	481	600
480	550	480	600
479	550	479	600
478	550	478	600
477	550	477	600
476	550	476	600
475	550	475	600
474	550	474	600
473	550	473	600
472	550	472	600
471	550	471	600
470	550	470	600
469	550	469	600
468	550	468	600
467	550	467	600
466	550	466	600
465	550	465	600
464	550	464	600
463	550	463	600
462	550	462	600
461	550	461	600
460	550	460	600
459	550	459	600
458	550	458	600
457	550	457	600
456	550	456	600
455	550	455	600
454	550	454	600
453	550	453	600
452	550	452	600
451	550	451	600
450	550	450	600
449	550	449	600
448	550	448	600
447	550	447	600
446	550	446	600
445	550	445	600
444	550	444	600
443	550	443	600
442	550	442	600
441	550	441	600
440	550	440	600
439	550	439	600
438	550	438	600
437	550	437	600
436	550	436	600
435	550	435	600
434	550	434	600
433	550	433	600
432	550	432	600
431	550	431	600
430	550	430	600
429	550	429	600
428	550	428	600
427	550	427	600
426	550	426	600
425	550	425	600
424	550	424	600
423	550	423	600
422	550	422	600
421	550	421	600
420	550	420	600
419	550	419	600
418	550	418	600
417	550	417	600
416	550	416	600
415	550	415	600
414	550	414	600
413	550	413	600
412	550	412	600
411	550	411	600
410	550	410	600
409	550	409	600
408	550	408	600
407	550	407	600
406	550	406	600
405	550	405	600
404	550	404	600
403	550	403	600
402	550	402	600
401	550	401	600
400	550	400	600
400.11	549.99	400.15	599.99
398.61	549.99	398.15	599.99
397.11	549.97	396.15	599.96
395.62	549.93	394.16	599.91
394.12	549.88	392.16	599.84
392.62	549.81	390.16	599.75
391.12	549.73	388.16	599.64
389.62	549.64	386.17	599.52
388.13	549.52	384.17	599.37
386.63	549.4	382.18	599.2
385.14	549.26	380.19	599.01
383.65	549.1	378.2	598.8
382.16	548.93	376.21	598.58
380.67	548.74	374.23	598.33
379.18	548.54	372.24	598.06
377.7	548.33	370.26	597.77
376.22	548.1	368.29	597.47
374.74	547.85	366.32	597.14
373.26	547.59	364.35	596.79
371.78	547.32	362.38	596.43
370.31	547.03	360.42	596.04
368.84	546.72	358.46	595.63
367.38	546.41	356.5	595.21
365.91	546.07	354.55	594.76
364.46	545.72	352.61	594.3
363	545.36	350.67	593.82
361.55	544.98	348.73	593.31
360.1	544.59	346.8	592.79
358.66	544.19	344.88	592.25
357.22	543.77	342.96	591.69
355.78	543.33	341.04	591.11
354.35	542.88	339.13	590.51
352.92	542.42	337.23	589.89
351.5	541.94	335.34	589.26
350.08	541.45	333.45	588.6
348.67	540.94	331.57	587.92
347.27	540.42	329.69	587.23
345.86	539.89	327.82	586.52
344.47	539.34	325.96	585.79
343.08	538.78	324.1	585.04
341.69	538.2	322.26	584.27
340.31	537.61	320.42	583.48
338.94	537.01	318.59	582.68
337.57	536.39	316.77	581.85
336.21	535.76	314.95	581.01
334.86	535.11	313.15	580.15
333.51	534.46	311.35	579.28
332.17	533.78	309.56	578.38
330.83	533.1	307.78	577.47
329.51	532.4	306.01	576.54
328.19	531.69	304.25	575.59
326.87	530.96	302.5	574.62
325.57	530.23	300.76	573.64
324.27	529.48	299.03	572.64
322.98	528.71	297.3	571.62
321.69	527.94	295.59	570.58
320.42	527.15	293.89	569.53
319.15	526.34	292.2	568.46
317.89	525.53	290.52	567.37
316.64	524.7	288.86	566.27
315.4	523.86	287.2	565.15
314.16	523.01	285.55	564.02
312.94	522.15	283.92	562.86
311.72	521.27	282.29	561.69
310.51	520.38	280.68	560.51
309.31	519.48	279.08	559.31
308.12	518.57	277.5	558.09
306.94	517.64	275.92	556.86
305.77	516.71	274.36	555.61
304.61	515.76	272.81	554.35
303.45	514.8	271.27	553.07
302.31	513.83	269.75	551.77
301.18	512.84	268.24	550.46
300.05	511.85	266.74	549.14
298.94	510.85	265.26	547.8
297.84	509.83	263.78	546.44
296.74	508.8	262.33	545.07
295.66	507.76	260.88	543.69
294.59	506.72	259.45	542.29
293.53	505.66	258.04	540.88
292.47	504.59	256.63	539.45
291.43	503.51	255.25	538.01
290.4	502.42	253.87	536.56
289.39	501.31	252.52	535.09
288.38	500.2	251.17	533.61
287.38	499.08	249.84	532.11
286.4	497.95	248.53	530.6
285.42	496.81	247.23	529.08
284.46	495.66	245.95	527.55
283.51	494.5	244.68	526
282.57	493.33	243.43	524.44
281.64	492.15	242.19	522.87
280.73	490.96	240.97	521.29
279.82	489.77	239.77	519.69
278.93	488.56	238.58	518.08
278.05	487.34	237.4	516.46
277.18	486.12	236.25	514.83
276.33	484.89	235.11	513.19
275.49	483.65	233.98	511.53
274.66	482.4	232.88	509.87
273.84	481.14	231.79	508.19
273.03	479.88	230.71	506.5
272.24	478.6	229.66	504.8
271.46	477.32	228.62	503.1
270.69	476.03	227.59	501.38
269.94	474.73	226.59	499.65
269.2	473.43	225.6	497.91
268.47	472.12	224.63	496.16
267.76	470.8	223.68	494.4
267.06	469.47	222.74	492.63
266.37	468.14	221.83	490.86
265.69	466.8	220.93	489.07
265.03	465.45	220.04	487.27
264.38	464.1	219.18	485.47
263.75	462.74	218.33	483.66
263.13	461.38	217.51	481.84
262.52	460.01	216.7	480.01
261.93	458.63	215.91	478.17
261.35	457.24	215.13	476.33
260.78	455.85	214.38	474.47
260.23	454.46	213.64	472.61
259.69	453.06	212.93	470.75
259.17	451.65	212.23	468.87
258.66	450.24	211.55	466.99
258.17	448.83	210.89	465.1
257.69	447.41	210.25	463.21
257.22	445.98	209.63	461.31
256.77	444.55	209.02	459.4
256.33	443.12	208.44	457.49
255.9	441.68	207.87	455.57
255.49	440.23	207.33	453.65
255.1	438.79	206.8	451.72
254.72	437.34	206.29	449.78
254.35	435.88	205.8	447.84
254	434.42	205.33	445.9
253.66	432.96	204.89	443.95
253.34	431.5	204.46	442
253.03	430.03	204.05	440.04
252.74	428.56	203.65	438.08
252.46	427.08	203.28	436.11
252.2	425.61	202.93	434.15
251.95	424.13	202.6	432.17
251.72	422.65	202.29	430.2
251.5	421.16	202	428.22
251.29	419.68	201.72	426.24
251.1	418.19	201.47	424.25
250.93	416.7	201.24	422.27
250.77	415.21	201.03	420.28
250.62	413.71	200.83	418.29
250.49	412.22	200.66	416.3
250.38	410.72	200.51	414.3
250.28	409.23	200.37	412.31
250.19	407.73	200.26	410.31
250.12	406.23	200.17	408.31
250.07	404.73	200.09	406.31
250.03	403.23	200.04	404.31
250.01	401.73	200.01	402.31
250	400.23	200	400.31
250	398.73	200	398.31
250.02	397.23	200.03	396.31
250.06	395.73	200.08	394.31
250.11	394.24	200.14	392.32
250.17	392.74	200.23	390.32
250.25	391.24	200.34	388.32
250.35	389.74	200.46	386.32
250.46	388.25	200.61	384.33
250.58	386.75	200.78	382.34
250.72	385.26	200.96	380.35
250.88	383.77	201.17	378.36
251.05	382.28	201.4	376.37
251.23	380.79	201.64	374.38
251.43	379.3	201.91	372.4
251.64	377.82	202.19	370.42
251.87	376.33	202.5	368.45
252.12	374.85	202.82	366.47
252.38	373.38	203.17	364.5
252.65	371.9	203.53	362.54
252.94	370.43	203.92	360.57
253.24	368.96	204.32	358.61
253.56	367.49	204.75	356.66
253.89	366.03	205.19	354.71
254.24	364.57	205.65	352.76
254.6	363.12	206.13	350.82
254.98	361.66	206.64	348.89
255.37	360.22	207.16	346.96
255.77	358.77	207.7	345.03
256.19	357.33	208.26	343.11
256.62	355.9	208.83	341.2
257.07	354.46	209.43	339.29
257.53	353.04	210.05	337.38
258.01	351.61	210.68	335.49
258.5	350.2	211.34	333.6
259.01	348.78	212.01	331.71
259.53	347.38	212.7	329.84
260.06	345.98	213.41	327.97
260.61	344.58	214.14	326.11
261.17	343.19	214.89	324.25
261.74	341.8	215.66	322.4
262.33	340.42	216.44	320.57
262.93	339.05	217.25	318.73
263.55	337.68	218.07	316.91
264.18	336.32	218.91	315.1
264.82	334.97	219.77	313.29
265.48	333.62	220.64	311.49
266.15	332.28	221.54	309.7
266.84	330.94	222.45	307.92
267.53	329.61	223.38	306.15
268.24	328.29	224.33	304.39
268.97	326.98	225.29	302.64
269.7	325.67	226.27	300.9
270.45	324.37	227.27	299.16
271.22	323.08	228.29	297.44
271.99	321.8	229.32	295.73
272.78	320.52	230.37	294.03
273.58	319.25	231.44	292.34
274.39	317.99	232.53	290.66
275.22	316.74	233.63	288.99
276.06	315.5	234.75	287.33
276.91	314.26	235.88	285.68
277.77	313.03	237.03	284.05
278.65	311.82	238.2	282.42
279.54	310.61	239.39	280.81
280.44	309.41	240.59	279.21
281.35	308.22	241.8	277.62
282.27	307.03	243.03	276.05
283.21	305.86	244.28	274.48
284.16	304.7	245.54	272.93
285.11	303.55	246.82	271.4
286.09	302.4	248.12	269.87
287.07	301.27	249.42	268.36
288.06	300.14	250.75	266.86
289.06	299.03	252.09	265.37
290.08	297.92	253.44	263.9
291.11	296.83	254.81	262.44
292.14	295.75	256.19	261
293.19	294.67	257.59	259.57
294.25	293.61	259	258.15
295.32	292.56	260.43	256.75
296.4	291.52	261.86	255.36
297.49	290.49	263.32	253.98
298.59	289.47	264.78	252.62
299.7	288.46	266.27	251.28
300.82	287.46	267.76	249.95
301.95	286.47	269.27	248.63
303.09	285.5	270.79	247.33
304.24	284.54	272.32	246.05
305.4	283.58	273.87	244.78
306.57	282.64	275.42	243.53
307.74	281.72	276.99	242.29
308.93	280.8	278.58	241.07
310.13	279.89	280.17	239.86
311.33	279	281.78	238.67
312.55	278.12	283.4	237.5
313.77	277.25	285.03	236.34
315	276.4	286.67	235.2
316.24	275.55	288.33	234.07
317.49	274.72	289.99	232.96
318.75	273.9	291.67	231.87
320.01	273.1	293.35	230.8
321.29	272.3	295.05	229.74
322.57	271.52	296.76	228.7
323.86	270.76	298.48	227.68
325.15	270	300.2	226.67
326.46	269.26	301.94	225.68
327.77	268.53	303.69	224.71
329.09	267.81	305.45	223.75
330.41	267.11	307.22	222.82
331.74	266.42	308.99	221.9
333.08	265.75	310.78	221
334.43	265.08	312.57	220.11
335.78	264.44	314.38	219.25
337.14	263.8	316.19	218.4
338.5	263.18	318.01	217.57
339.88	262.57	319.84	216.76
341.25	261.98	321.67	215.97
342.64	261.4	323.52	215.2
344.02	260.83	325.37	214.44
345.42	260.28	327.23	213.7
346.82	259.74	329.09	212.98
348.22	259.21	330.97	212.28
349.63	258.7	332.85	211.6
351.05	258.21	334.73	210.94
352.47	257.72	336.63	210.3
353.9	257.25	338.53	209.67
355.32	256.8	340.43	209.07
356.76	256.36	342.35	208.48
358.2	255.94	344.26	207.92
359.64	255.53	346.19	207.37
361.09	255.13	348.12	206.84
362.54	254.75	350.05	206.33
363.99	254.38	351.99	205.84
365.45	254.03	353.93	205.37
366.91	253.69	355.88	204.92
368.38	253.37	357.84	204.49
369.84	253.06	359.79	204.08
371.31	252.76	361.75	203.68
372.79	252.48	363.72	203.31
374.26	252.22	365.69	202.96
375.74	251.97	367.66	202.63
377.23	251.73	369.64	202.31
378.71	251.51	371.61	202.02
380.19	251.31	373.59	201.75
381.68	251.12	375.58	201.49
383.17	250.94	377.56	201.26
384.66	250.78	379.55	201.04
386.16	250.63	381.54	200.85
387.65	250.5	383.54	200.67
389.15	250.39	385.53	200.52
390.64	250.29	387.53	200.38
392.14	250.2	389.52	200.27
393.64	250.13	391.52	200.17
395.14	250.07	393.52	200.1
396.64	250.03	395.52	200.05
398.14	250.01	397.52	200.01
399.64	250	399.52	200
401.14	250	401.52	200
402	250	402	200
403	250	403	200
404	250	404	200
405	250	405	200
406	250	406	200
407	250	407	200
408	250	408	200
409	250	409	200
410	250	410	200
411	250	411	200
412	250	412	200
413	250	413	200
414	250	414	200
415	250	415	200
416	250	416	200
417	250	417	200
418	250	418	200
419	250	419	200
420	250	420	200
421	250	421	200
422	250	422	200
423	250	423	200
424	250	424	200
425	250	425	200
426	250	426	200
427	250	427	200
428	250	428	200
429	250	429	200
430	250	430	200
431	250	431	200
432	250	432	200
433	250	433	200
434	250	434	200
435	250	435	200
436	250	436	200
437	250	437	200
438	250	438	200
439	250	439	200
440	250	440	200
441	250	441	200
442	250	442	200
443	250	443	200
444	250	444	200
445	250	445	200
446	250	446	200
447	250	447	200
448	250	448	200
449	250	449	200
450	250	450	200
451	250	451	200
452	250	452	200
453	250	453	200
454	250	454	200
455	250	455	200
456	250	456	200
457	250	457	200
458	250	458	200
459	250	459	200
460	250	460	200
461	250	461	200
462	250	462	200
463	250	463	200
464	250	464	200
465	250	465	200
466	250	466	200
467	250	467	200
468	250	468	200
469	250	469	200
470	250	470	200
471	250	471	200
472	250	472	200
473	250	473	200
474	250	474	200
475	250	475	200
476	250	476	200
477	250	477	200
478	250	478	200
479	250	479	200
480	250	480	200
481	250	481	200
482	250	482	200
483	250	483	200
484	250	484	200
485	250	485	200
486	250	486	200
487	250	487	200
488	250	488	200
489	250	489	200
490	250	490	200
491	250	491	200
492	250	492	200
493	250	493	200
494	250	494	200
495	250	495	200
496	250	496	200
497	250	497	200
498	250	498	200
499	250	499	200
500	250	500	200
501	250	501	200
502	250	502	200
503	250	503	200
504	250	504	200
505	250	505	200
506	250	506	200
507	250	507	200
508	250	508	200
509	250	509	200
510	250	510	200
511	250	511	200
512	250	512	200
513	250	513	200
514	250	514	200
515	250	515	200
516	250	516	200
517	250	517	200
518	250	518	200
519	250	519	200
520	250	520	200
521	250	521	200
522	250	522	200
523	250	523	200
524	250	524	200
525	250	525	200
526	250	526	200
527	250	527	200
528	250	528	200
529	250	529	200
530	250	530	200
531	250	531	200
532	250	532	200
533	250	533	200
534	250	534	200
535	250	535	200
536	250	536	200
537	250	537	200
538	250	538	200
539	250	539	200
540	250	540	200
541	250	541	200
542	250	542	200
543	250	543	200
544	250	544	200
545	250	545	200
546	250	546	200
547	250	547	200
548	250	548	200
549	250	549	200
550	250	550	200
551	250	551	200
552	250	552	200
553	250	553	200
554	250	554	200
555	250	555	200
556	250	556	200
557	250	557	200
558	250	558	200
559	250	559	200
560	250	560	200
561	250	561	200
562	250	562	200
563	250	563	200
564	250	564	200
565	250	565	200
566	250	566	200
567	250	567	200
568	250	568	200
569	250	569	200
570	250	570	200
571	250	571	200
572	250	572	200
573	250	573	200
574	250	574	200
575	250	575	200
576	250	576	200
577	250	577	200
578	250	578	200
579	250	579	200
580	250	580	200
581	250	581	200
582	250	582	200
583	250	583	200
584	250	584	200
585	250	585	200
586	250	586	200
587	250	587	200
588	250	588	200
589	250	589	200
590	250	590	200
591	250	591	200
592	250	592	200
593	250	593	200
594	250	594	200
595	250	595	200
596	250	596	200
597	250	597	200
598	250	598	200
599	250	599	200
600	250	600	200
601	250	601	200
602	250	602	200
603	250	603	200
604	250	604	200
605	250	605	200
606	250	606	200
607	250	607	200
608	250	608	200
609	250	609	200
610	250	610	200
611	250	611	200
612	250	612	200
613	250	613	200
614	250	614	200
615	250	615	200
616	250	616	200
617	250	617	200
618	250	618	200
619	250	619	200
620	250	620	200
621	250	621	200
622	250	622	200
623	250	623	200
624	250	624	200
625	250	625	200
626	250	626	200
627	250	627	200
628	250	628	200
629	250	629	200
630	250	630	200
631	250	631	200
632	250	632	200
633	250	633	200
634	250	634	200
635	250	635	200
636	250	636	200
637	250	637	200
638	250	638	200
639	250	639	200
640	250	640	200
641	250	641	200
642	250	642	200
643	250	643	200
644	250	644	200
645	250	645	200
646	250	646	200
647	250	647	200
648	250	648	200
649	250	649	200
650	250	650	200
651	250	651	200
652	250	652	200
653	250	653	200
654	250	654	200
655	250	655	200
656	250	656	200
657	250	657	200
658	250	658	200
659	250	659	200
660	250	660	200
661	250	661	200
662	250	662	200
663	250	663	200
664	250	664	200
665	250	665	200
666	250	666	200
667	250	667	200
668	250	668	200
669	250	669	200
670	250	670	200
671	250	671	200
672	250	672	200
673	250	673	200
674	250	674	200
675	250	675	200
676	250	676	200
677	250	677	200
678	250	678	200
679	250	679	200
680	250	680	200
681	250	681	200
682	250	682	200
683	250	683	200
684	250	684	200
685	250	685	200
686	250	686	200
687	250	687	200
688	250	688	200
689	250	689	200
690	250	690	200
691	250	691	200
692	250	692	200
693	250	693	200
694	250	694	200
695	250	695	200
696	250	696	200
697	250	697	200
698	250	698	200
699	250	699	200
700	250	700	200
701	250	701	200
702	250	702	200
703	250	703	200
704	250	704	200
705	250	705	200
706	250	706	200
707	250	707	200
708	250	708	200
709	250	709	200
710	250	710	200
711	250	711	200
712	250	712	200
713	250	713	200
714	250	714	200
715	250	715	200
716	250	716	200
717	250	717	200
718	250	718	200
719	250	719	200
720	250	720	200
721	250	721	200
722	250	722	200
723	250	723	200
724	250	724	200
725	250	725	200
726	250	726	200
727	250	727	200
728	250	728	200
729	250	729	200
730	250	730	200
731	250	731	200
732	250	732	200
733	250	733	200
734	250	734	200
735	250	735	200
736	250	736	200
737	250	737	200
738	250	738	200
739	250	739	200
740	250	740	200
741	250	741	200
742	250	742	200
743	250	743	200
744	250	744	200
745	250	745	200
746	250	746	200
747	250	747	200
748	250	748	200
749	250	749	200
750	250	750	200
751	250	751	200
752	250	752	200
753	250	753	200
754	250	754	200
755	250	755	200
756	250	756	200
757	250	757	200
758	250	758	200
759	250	759	200
760	250	760	200
761	250	761	200
762	250	762	200
763	250	763	200
764	250	764	200
765	250	765	200
766	250	766	200
767	250	767	200
768	250	768	200
769	250	769	200
770	250	770	200
771	250	771	200
772	250	772	200
773	250	773	200
774	250	774	200
775	250	775	200
776	250	776	200
777	250	777	200
778	250	778	200
779	250	779	200
780	250	780	200
781	250	781	200
782	250	782	200
783	250	783	200
784	250	784	200
785	250	785	200
786	250	786	200
787	250	787	200
788	250	788	200
789	250	789	200
790	250	790	200
791	250	791	200
792	250	792	200
793	250	793	200
794	250	794	200
795	250	795	200
796	250	796	200
797	250	797	200
798	250	798	200
799	250	799	200
800	250	800	200
801	250	801	200
802	250	802	200
803	250	803	200
804	250	804	200
805	250	805	200
806	250	806	200
807	250	807	200
808	250	808	200
809	250	809	200
810	250	810	200
811	250	811	200
812	250	812	200
813	250	813	200
814	250	814	200
815	250	815	200
816	250	816	200
817	250	817	200
818	250	818	200
819	250	819	200
820	250	820	200
821	250	821	200
822	250	822	200
823	250	823	200
824	250	824	200
825	250	825	200
826	250	826	200
827	250	827	200
828	250	828	200
829	250	829	200
830	250	830	200
831	250	831	200
832	250	832	200
833	250	833	200
834	250	834	200
835	250	835	200
836	250	836	200
837	250	837	200
838	250	838	200
839	250	839	200
840	250	840	200
841	250	841	200
842	250	842	200
843	250	843	200
844	250	844	200
845	250	845	200
846	250	846	200
847	250	847	200
848	250	848	200
849	250	849	200
850	250	850	200
851	250	851	200
852	250	852	200
853	250	853	200
854	250	854	200
855	250	855	200
856	250	856	200
857	250	857	200
858	250	858	200
859	250	859	200
860	250	860	200
861	250	861	200
862	250	862	200
863	250	863	200
864	250	864	200
865	250	865	200
866	250	866	200
867	250	867	200
868	250	868	200
869	250	869	200
870	250	870	200
871	250	871	200
872	250	872	200
873	250	873	200
874	250	874	200
875	250	875	200
876	250	876	200
877	250	877	200
878	250	878	200
879	250	879	200
880	250	880	200
881	250	881	200
882	250	882	200
883	250	883	200
884	250	884	200
885	250	885	200
886	250	886	200
887	250	887	200
888	250	888	200
889	250	889	200
890	250	890	200
891	250	891	200
892	250	892	200
893	250	893	200
894	250	894	200
895	250	895	200
896	250	896	200
897	250	897	200
898	250	898	200
899	250	899	200
900	250	900	200
901.49	250	901.99	200
902.99	250.02	903.99	200.03
904.49	250.06	905.99	200.08
905.99	250.11	907.99	200.15
907.49	250.18	909.99	200.24
908.99	250.26	911.99	200.35
910.49	250.36	913.98	200.48
911.98	250.47	915.98	200.63
913.48	250.6	917.97	200.8
914.97	250.74	919.96	200.99
916.46	250.9	921.95	201.2
917.95	251.07	923.94	201.43
919.44	251.26	925.92	201.68
920.93	251.46	927.9	201.95
922.41	251.68	929.88	202.24
923.89	251.91	931.86	202.55
925.37	252.16	933.83	202.88
926.85	252.42	935.8	203.23
928.32	252.69	937.77	203.59
929.8	252.99	939.73	203.98
931.26	253.29	941.69	204.39
932.73	253.61	943.64	204.82
934.19	253.95	945.59	205.26
935.65	254.29	947.54	205.73
937.11	254.66	949.48	206.21
938.56	255.04	951.41	206.72
940	255.43	953.34	207.24
941.45	255.84	955.27	207.78
942.89	256.26	957.19	208.35
944.32	256.69	959.1	208.93
945.75	257.14	961.01	209.53
947.18	257.61	962.91	210.15
948.6	258.09	964.8	210.79
950.02	258.58	966.69	211.44
951.43	259.09	968.57	212.12
952.84	259.61	970.45	212.82
954.24	260.15	972.32	213.53
955.63	260.7	974.18	214.26
957.02	261.26	976.03	215.01
958.41	261.84	977.88	215.78
959.79	262.43	979.72	216.57
961.16	263.03	981.55	217.38
962.53	263.65	983.37	218.2
963.89	264.28	985.18	219.04
965.24	264.93	986.99	219.91
966.59	265.59	988.78	220.78
967.93	266.26	990.57	221.68
969.26	266.95	992.35	222.6
970.59	267.65	994.12	223.53
971.91	268.36	995.88	224.48
973.22	269.08	997.63	225.45
974.53	269.82	999.37	226.43
975.83	270.57	1001.1	227.43
977.12	271.34	1002.82	228.45
978.4	272.12	1004.53	229.49
979.67	272.91	1006.23	230.54
980.94	273.71	1007.92	231.61
982.2	274.53	1009.6	232.7
983.45	275.35	1011.27	233.81
984.69	276.19	1012.92	234.93
985.93	277.05	1014.57	236.07
987.15	277.91	1016.2	237.22
988.37	278.79	1017.82	238.39
989.57	279.68	1019.43	239.58
990.77	280.58	1021.03	240.78
991.96	281.5	1022.62	242
993.14	282.42	1024.19	243.23
994.31	283.36	1025.75	244.48
995.48	284.31	1027.3	245.75
996.63	285.27	1028.84	247.03
997.77	286.24	1030.36	248.32
998.9	287.22	1031.87	249.63
1000.03	288.22	1033.37	250.96
1001.14	289.22	1034.85	252.3
1002.24	290.24	1036.32	253.66
1003.33	291.27	1037.78	255.03
1004.42	292.31	1039.22	256.41
1005.49	293.36	1040.65	257.81
1006.55	294.42	1042.07	259.23
1007.6	295.49	1043.47	260.65
1008.64	296.57	1044.85	262.1
1009.67	297.66	1046.22	263.55
1010.68	298.76	1047.58	265.02
1011.69	299.88	1048.92	266.5
1012.69	301	1050.25	268
1013.67	302.13	1051.56	269.51
1014.64	303.27	1052.86	271.03
1015.61	304.42	1054.14	272.56
1016.56	305.58	1055.41	274.11
1017.49	306.75	1056.66	275.67
1018.42	307.93	1057.9	277.25
1019.34	309.12	1059.12	278.83
1020.24	310.32	1060.32	280.43
1021.13	311.53	1061.51	282.04
1022.01	312.74	1062.68	283.66
1022.87	313.97	1063.83	285.29
1023.73	315.2	1064.97	286.94
1024.57	316.44	1066.09	288.59
1025.4	317.69	1067.2	290.26
1026.22	318.95	1068.29	291.93
1027.02	320.22	1069.36	293.62
1027.81	321.49	1070.42	295.32
1028.59	322.77	1071.45	297.03
1029.36	324.06	1072.48	298.75
1030.11	325.36	1073.48	300.48
1030.85	326.66	1074.47	302.22
1031.58	327.98	1075.44	303.97
1032.29	329.3	1076.39	305.73
1032.99	330.62	1077.32	307.5
1033.68	331.96	1078.24	309.28
1034.35	333.3	1079.13	311.06
1035.01	334.64	1080.02	312.86
1035.66	336	1080.88	314.66
1036.29	337.36	1081.72	316.48
1036.91	338.72	1082.55	318.3
1037.52	340.09	1083.36	320.13
1038.11	341.47	1084.15	321.96
1038.69	342.86	1084.92	323.81
1039.25	344.25	1085.67	325.66
1039.8	345.64	1086.4	327.52
1040.34	347.04	1087.12	329.39
1040.86	348.45	1087.81	331.27
1041.37	349.86	1088.49	333.15
1041.86	351.28	1089.15	335.04
1042.34	352.7	1089.79	336.93
1042.81	354.12	1090.41	338.83
1043.26	355.55	1091.02	340.74
1043.7	356.99	1091.6	342.65
1044.12	358.43	1092.16	344.57
1044.53	359.87	1092.71	346.5
1044.92	361.32	1093.23	348.42
1045.3	362.77	1093.74	350.36
1045.67	364.22	1094.22	352.3
1046.02	365.68	1094.69	354.24
1046.35	367.14	1095.14	356.19
1046.67	368.61	1095.57	358.15
1046.98	370.08	1095.98	360.11
1047.27	371.55	1096.37	362.07
1047.55	373.02	1096.74	364.03
1047.81	374.5	1097.08	366
1048.06	375.98	1097.42	367.97
1048.29	377.46	1097.73	369.95
1048.51	378.95	1098.02	371.93
1048.71	380.43	1098.29	373.91
1048.9	381.92	1098.54	375.89
1049.08	383.41	1098.77	377.88
1049.23	384.9	1098.98	379.87
1049.38	386.39	1099.17	381.86
1049.51	387.89	1099.34	383.85
1049.62	389.38	1099.49	385.85
1049.72	390.88	1099.63	387.84
1049.8	392.38	1099.74	389.84
1049.87	393.88	1099.83	391.84
1049.92	395.38	1099.9	393.84
1049.96	396.88	1099.95	395.84
1049.99	398.38	1099.98	397.84
1049.99	399.88	1099.99	399.84
1049.99	401.38	1099.99	401.84
1049.97	402.88	1099.96	403.84
1049.93	404.37	1099.91	405.83
1049.88	405.87	1099.84	407.83
1049.81	407.37	1099.75	409.83
1049.73	408.87	1099.64	411.83
1049.64	410.37	1099.52	413.82
1049.52	411.86	1099.37	415.82
1049.4	413.36	1099.2	417.81
1049.26	414.85	1099.01	419.8
1049.1	416.34	1098.8	421.79
1048.93	417.83	1098.58	423.78
1048.74	419.32	1098.33	425.76
1048.54	420.81	1098.06	427.75
1048.33	422.29	1097.77	429.73
1048.1	423.77	1097.47	431.7
1047.85	425.25	1097.14	433.67
1047.59	426.73	1096.79	435.64
1047.32	428.21	1096.43	437.61
1047.03	429.68	1096.04	439.57
1046.72	431.15	1095.63	441.53
1046.41	432.61	1095.21	443.49
1046.07	434.08	1094.76	445.44
1045.72	435.53	1094.3	447.38
1045.36	436.99	1093.82	449.32
1044.98	438.44	1093.31	451.26
1044.59	439.89	1092.79	453.19
1044.19	441.33	1092.25	455.11
1043.77	442.77	1091.69	457.03
1043.33	444.21	1091.11	458.95
1042.88	445.64	1090.51	460.86
1042.42	447.07	1089.89	462.76
1041.94	448.49	1089.26	464.65
1041.45	449.91	1088.6	466.54
1040.94	451.32	1087.92	468.42
1040.42	452.72	1087.23	470.3
1039.89	454.13	1086.52	472.17
1039.34	455.52	1085.79	474.03
1038.78	456.91	1085.04	475.89
1038.2	458.3	1084.27	477.73
1037.61	459.68	1083.48	479.57
1037.01	461.05	1082.68	481.4
1036.39	462.42	1081.85	483.22
1035.76	463.78	1081.01	485.04
1035.11	465.13	1080.15	486.84
1034.46	466.48	1079.28	488.64
1033.78	467.82	1078.38	490.43
1033.1	469.16	1077.47	492.21
1032.4	470.48	1076.54	493.98
1031.69	471.8	1075.59	495.74
1030.96	473.12	1074.62	497.49
1030.23	474.42	1073.64	499.23
1029.48	475.72	1072.64	500.96
1028.71	477.01	1071.62	502.69
1027.94	478.3	1070.58	504.4
1027.15	479.57	1069.53	506.1
1026.34	480.84	1068.46	507.79
1025.53	482.1	1067.37	509.47
1024.7	483.35	1066.27	511.13
1023.86	484.59	1065.15	512.79
1023.01	485.83	1064.02	514.44
1022.15	487.05	1062.86	516.07
1021.27	488.27	1061.69	517.7
1020.38	489.48	1060.51	519.31
1019.48	490.68	1059.31	520.91
1018.57	491.87	1058.09	522.49
1017.64	493.05	1056.86	524.07
1016.71	494.22	1055.61	525.63
1015.76	495.38	1054.35	527.18
1014.8	496.54	1053.07	528.72
1013.83	497.68	1051.77	530.24
1012.84	498.81	1050.46	531.75
1011.85	499.94	1049.14	533.25
1010.85	501.05	1047.8	534.73
1009.83	502.15	1046.44	536.21
1008.8	503.25	1045.07	537.66
1007.76	504.33	1043.69	539.11
1006.72	505.4	1042.29	540.54
1005.66	506.46	1040.88	541.95
1004.59	507.52	1039.45	543.36
1003.51	508.56	1038.01	544.74
1002.42	509.59	1036.56	546.12
1001.31	510.6	1035.09	547.47
1000.2	511.61	1033.61	548.82
999.08	512.61	1032.11	550.15
997.95	513.59	1030.6	551.46
996.81	514.57	1029.08	552.76
995.66	515.53	1027.55	554.04
994.5	516.48	1026	555.31
993.33	517.42	1024.44	556.56
992.15	518.35	1022.87	557.8
990.96	519.26	1021.29	559.02
989.77	520.17	1019.69	560.22
988.56	521.06	1018.08	561.41
987.34	521.94	1016.46	562.59
986.12	522.81	1014.83	563.74
984.89	523.66	1013.19	564.88
983.65	524.5	1011.53	566.01
982.4	525.33	1009.87	567.11
981.14	526.15	1008.19	568.2
979.88	526.96	1006.5	569.28
978.6	527.75	1004.8	570.33
977.32	528.53	1003.1	571.37
976.03	529.3	1001.38	572.4
974.73	530.05	999.65	573.4
973.43	530.79	997.91	574.39
972.12	531.52	996.16	575.36
970.8	532.23	994.4	576.31
969.47	532.93	992.63	577.25
968.14	533.62	990.86	578.16
966.8	534.3	989.07	579.06
965.45	534.96	987.27	579.95
964.1	535.61	985.47	580.81
962.74	536.24	983.66	581.66
961.38	536.86	981.84	582.48
960.01	537.47	980.01	583.29
958.63	538.06	978.17	584.08
957.24	538.64	976.33	584.86
955.85	539.21	974.47	585.61
954.46	539.76	972.61	586.35
953.06	540.3	970.75	587.06
951.65	540.82	968.87	587.76
950.24	541.33	966.99	588.44
948.83	541.82	965.1	589.1
947.41	542.3	963.21	589.74
945.98	542.77	961.31	590.36
944.55	543.22	959.4	590.97
943.12	543.66	957.49	591.55
941.68	544.09	955.57	592.12
940.23	544.5	953.65	592.66
938.79	544.89	951.72	593.19
937.34	545.27	949.78	593.7
935.88	545.64	947.84	594.19
934.42	545.99	945.9	594.66
932.96	546.33	943.95	595.1
931.5	546.65	942	595.53
930.03	546.96	940.04	595.94
928.56	547.25	938.08	596.34
927.08	547.53	936.11	596.71
925.61	547.79	934.15	597.06
924.13	548.04	932.17	597.39
922.65	548.27	930.2	597.7
921.16	548.49	928.22	597.99
919.68	548.7	926.24	598.27
918.19	548.89	924.25	598.52
916.7	549.06	922.27	598.75
915.21	549.22	920.28	598.96
913.71	549.37	918.29	599.16
912.22	549.5	916.3	599.33
910.72	549.61	914.3	599.48
909.23	549.71	912.31	599.62
907.73	549.8	910.31	599.73
906.23	549.87	908.31	599.82
904.73	549.92	906.31	599.9
903.23	549.96	904.31	599.95
901.73	549.98	902.31	599.98
900.23	549.99	900.31	599.99
900	550	900	600
899	550	899	600
898	550	898	600
897	550	897	600
896	550	896	600
895	550	895	600
894	550	894	600
893	550	893	600
892	550	892	600
891	550	891	600
890	550	890	600
889	550	889	600
888	550	888	600
887	550	887	600
886	550	886	600
885	550	885	600
884	550	884	600
883	550	883	600
882	550	882	600
881	550	881	600
880	550	880	600
879	550	879	600
878	550	878	600
877	550	877	600
876	550	876	600
875	550	875	600
874	550	874	600
873	550	873	600
872	550	872	600
871	550	871	600
870	550	870	600
869	550	869	600
868	550	868	600
867	550	867	600
866	550	866	600
865	550	865	600
864	550	864	600
863	550	863	600
862	550	862	600
861	550	861	600
860	550	860	600
859	550	859	600
858	550	858	600
857	550	857	600
856	550	856	600
855	550	855	600
854	550	854	600
853	550	853	600
852	550	852	600
851	550	851	600
850	550	850	600
849	550	849	600
848	550	848	600
847	550	847	600
846	550	846	600
845	550	845	600
844	550	844	600
843	550	843	600
842	550	842	600
841	550	841	600
840	550	840	600
839	550	839	600
838	550	838	600
837	550	837	600
836	550	836	600
835	550	835	600
834	550	834	600
833	550	833	600
832	550	832	600
831	550	831	600
830	550	830	600
829	550	829	600
828	550	828	600
827	550	827	600
826	550	826	600
825	550	825	600
824	550	824	600
823	550	823	600
822	550	822	600
821	550	821	600
820	550	820	600
819	550	819	600
818	550	818	600
817	550	817	600
816	550	816	600
815	550	815	600
814	550	814	600
813	550	813	600
812	550	812	600
811	550	811	600
810	550	810	600
809	550	809	600
808	550	808	600
807	550	807	600
806	550	806	600
805	550	805	600
804	550	804	600
803	550	803	600
802	550	802	600
801	550	801	600
800	550	800	600
799	550	799	600
798	550	798	600
797	550	797	600
796	550	796	600
795	550	795	600
794	550	794	600
793	550	793	600
792	550	792	600
791	550	791	600
790	550	790	600
789	550	789	600
788	550	788	600
787	550	787	600
786	550	786	600
785	550	785	600
784	550	784	600
783	550	783	600
782	550	782	600
781	550	781	600
780	550	780	600
779	550	779	600
778	550	778	600
777	550	777	600
776	550	776	600
775	550	775	600
774	550	774	600
773	550	773	600
772	550	772	600
771	550	771	600
770	550	770	600
769	550	769	600
768	550	768	600
767	550	767	600
766	550	766	600
765	550	765	600
764	550	764	600
763	550	763	600
762	550	762	600
761	550	761	600
760	550	760	600
759	550	759	600
758	550	758	600
757	550	757	600
756	550	756	600
755	550	755	600
754	550	754	600
753	550	753	600
752	550	752	600
751	550	751	600
750	550	750	600
749	550	749	600
748	550	748	600
747	550	747	600
746	550	746	600
745	550	745	600
744	550	744	600
743	550	743	600
742	550	742	600
741	550	741	600
740	550	740	600
739	550	739	600
738	550	738	600
737	550	737	600
736	550	736	600
735	550	735	600
734	550	734	600
733	550	733	600
732	550	732	600
731	550	731	600
730	550	730	600
729	550	729	600
728	550	728	600
727	550	727	600
726	550	726	600
725	550	725	600
724	550	724	600
723	550	723	600
722	550	722	600
721	550	721	600
720	550	720	600
719	550	719	600
718	550	718	600
717	550	717	600
716	550	716	600
715	550	715	600
714	550	714	600
713	550	713	600
712	550	712	600
711	550	711	600
710	550	710	600
709	550	709	600
708	550	708	600
707	550	707	600
706	550	706	600
705	550	705	600
704	550	704	600
703	550	703	600
702	550	702	600
701	550	701	600
700	550	700	600
699	550	699	600
698	550	698	600
697	550	697	600
696	550	696	600
695	550	695	600
694	550	694	600
693	550	693	600
692	550	692	600
691	550	691	600
690	550	690	600
689	550	689	600
688	550	688	600
687	550	687	600
686	550	686	600
685	550	685	600
684	550	684	600
683	550	683	600
682	550	682	600
681	550	681	600
680	550	680	600
679	550	679	600
678	550	678	600
677	550	677	600
676	550	676	600
675	550	675	600
674	550	674	600
673	550	673	600
672	550	672	600
671	550	671	600
670	550	670	600
669	550	669	600
668	550	668	600
667	550	667	600
666	550	666	600
665	550	665	600
664	550	664	600
663	550	663	600
662	550	662	600
661	550	661	600
660	550	660	600
659	550	659	600
658	550	658	600
657	550	657	600
656	550	656	600
655	550	655	600
654	550	654	600
653	550	653	600
652	550	652	600
651	550	651	600
650	550	650	600
